%YAML:1.0
---
K: !!opencv-matrix
   rows: 3
   cols: 3
   dt: d
   data: [ 4.1222310136075674e+02, 0., 3.4847911879020018e+02, 0.,
       4.1258604464804182e+02, 2.5857393237080800e+02, 0., 0., 1. ]
D: !!opencv-matrix
   rows: 1
   cols: 5
   dt: d
   data: [ -4.0209404601665905e-01, 2.0032411869989888e-01,
       1.8338888297599074e-03, 1.1611480003354915e-05,
       -5.6852748911835373e-02 ]
