%YAML:1.0
---
K: !!opencv-matrix
   rows: 3
   cols: 3
   dt: d
   data: [ 8.2074718315015139e+02, 0., 5.2705661714841142e+02, 0.,
       8.2003814588104046e+02, 2.3642917366196548e+02, 0., 0., 1. ]
D: !!opencv-matrix
   rows: 1
   cols: 5
   dt: d
   data: [ 3.0124329351197032e-01, -1.7139992852268171e+00,
       2.5721068961795258e-03, 2.7230187591786039e-03,
       4.5098343258595559e+00 ]
